        VP         Sample cell Jsc in mA/cm² Voc in mV FF in % Roc in Ohm*cm² Rsc in Ohm*cm² eta in % T start in °C T end in °C Variations
0   VP1111  ID 2-203-5-2    11         33.76    571.65   51.63           6.05         800.61     9.96         25.00       25.00         NA
1   VP1111  ID 2-203-5-2    12         33.36    572.87   53.21           5.51        1306.38    10.17         25.00       25.00         NA
2   VP1111  ID 2-203-5-2    13         33.81    567.38   52.25           5.37         392.51    10.02         25.00       25.00         NA
3   VP1111  ID 2-203-5-2    14         33.90    574.52   54.10           5.00        1232.63    10.54         25.00       25.00         NA
4   VP1111  ID 2-203-5-2    21         33.64    571.23   54.55           5.28        1766.13    10.48         25.00       25.00         NA
5   VP1111  ID 2-203-5-2    22         32.92    570.64   54.44           5.18        1712.83    10.23         25.00       25.00         NA
6   VP1111  ID 2-203-5-2    23         33.19    573.23   54.46           5.05        1972.96    10.36         25.00       25.00         NA
7   VP1111  ID 2-203-5-2    24         33.32    574.62   55.66           4.77        1970.26    10.65         25.00       25.00         NA
8   VP1111  ID 2-203-5-2    31         33.31    577.78   51.33           6.19         491.80     9.88         25.00       25.00         NA
9   VP1111  ID 2-203-5-2    32         32.83    576.40   53.12           5.48         676.74    10.05         25.00       25.00         NA
10  VP1111  ID 2-203-5-2    33         33.14    579.30   55.00           4.99         930.12    10.56         25.00       25.00         NA
11  VP1111  ID 2-203-5-2    34         33.33    577.14   55.78           4.71         977.04    10.73         25.00       25.00         NA
12  VP1111  ID 2-203-5-2    41         34.17    569.88   54.35           5.21        1042.04    10.58         25.00       25.00         NA
13  VP1111  ID 2-203-5-2    42         33.22    571.53   54.18           5.17         741.07    10.29         25.00       25.00         NA
14  VP1111  ID 2-203-5-2    43         33.40    576.44   56.32           4.62        1043.18    10.84         25.00       25.00         NA
15  VP1111  ID 2-203-5-2    51         33.59    569.57   48.74           7.05         648.54     9.33         25.00       25.00         NA
16  VP1111  ID 2-203-5-2    52         33.19    569.58   48.16           6.88         580.64     9.11         25.00       25.00         NA
17  VP1111  ID 2-203-5-2    53         33.60    574.77   50.87           5.92         727.91     9.83         25.00       25.00         NA
18  VP1111  ID 2-203-5-2    54         33.43    575.68   52.36           5.50         908.75    10.08         25.00       25.00         NA
19  VP1111  ID 2-203-5-2    61         34.12    568.04   51.27           6.42         781.12     9.94         25.00       25.00         NA
20  VP1111  ID 2-203-5-2    62         33.29    571.35   51.33           6.03         609.35     9.76         25.00       25.00         NA
21  VP1111  ID 2-203-5-2    63         33.43    576.28   52.51           5.61         722.91    10.12         25.00       25.00         NA
22  VP1111  ID 2-203-5-2    64         33.42    577.15   53.54           5.23        1391.09    10.33         25.00       25.00         NA
23  VP1111  ID 2-203-5-2    71         33.38    565.05   45.92           8.92         750.06     8.66         25.00       25.00         NA
24  VP1111  ID 2-203-5-2    72         32.59    568.86   48.73           7.00         605.00     9.03         25.00       25.00         NA
25  VP1111  ID 2-203-5-2    73         33.20    575.85   49.26           6.51         498.33     9.42         25.00       25.00         NA
26  VP1111  ID 2-203-5-2    74         33.20    578.58   51.39           5.85         580.18     9.87         25.00       25.00         NA
27  VP1111  ID 2-203-5-2    81         33.68    572.00   54.95           5.38         849.78    10.59         25.00       25.00         NA
28  VP1111  ID 2-203-5-2    82         33.11    568.29   53.22           5.73        1107.94    10.01         25.00       25.00         NA
29  VP1111  ID 2-203-5-2    83         33.35    574.10   53.25           5.52        1019.00    10.20         25.00       25.00         NA
30  VP1111  ID 2-203-5-2    15         33.98    580.23   51.24           5.63         951.52    10.10         25.00       25.00         NA
31  VP1111  ID 2-203-5-2    16         34.10    579.81   52.60           5.39        1704.44    10.40         25.00       25.00         NA
32  VP1111  ID 2-203-5-2    17         33.35    579.11   53.47           5.22         697.60    10.33         25.00       25.00         NA
33  VP1111  ID 2-203-5-2    18         33.65    581.03   55.97           4.32         809.40    10.94         25.00       25.00         NA
34  VP1111  ID 2-203-5-2    25         33.24    577.95   52.95           5.38        1018.85    10.17         25.00       25.00         NA
35  VP1111  ID 2-203-5-2    26         33.22    577.26   53.32           5.24        1032.27    10.22         25.00       25.00         NA
36  VP1111  ID 2-203-5-2    27         31.82    578.36   55.73           4.87         844.73    10.26         25.00       25.00         NA
37  VP1111  ID 2-203-5-2    28         32.21    578.84   58.05           4.34         989.33    10.82         25.00       25.00         NA
38  VP1111  ID 2-203-5-2    35         33.29    578.37   55.13           4.92        1276.49    10.61         25.00       25.00         NA
39  VP1111  ID 2-203-5-2    36         33.53    576.82   54.64           4.86        1147.39    10.57         25.00       25.00         NA
40  VP1111  ID 2-203-5-2    37         32.88    576.48   55.08           4.85         985.50    10.44         25.00       25.00         NA
41  VP1111  ID 2-203-5-2    38         33.12    576.31   57.15           4.37        1635.40    10.91         25.00       25.00         NA
42  VP1111  ID 2-203-5-2    45         33.54    578.18   57.98           4.21         724.78    11.24         25.00       25.00         NA
43  VP1111  ID 2-203-5-2    46         33.57    577.66   57.93           4.17        2760.40    11.24         25.00       25.00         NA
44  VP1111  ID 2-203-5-2    47         32.59    577.61   57.03           4.43        1331.99    10.73         25.00       25.00         NA
45  VP1111  ID 2-203-5-2    55         33.25    581.51   53.13           5.18         983.86    10.27         25.00       25.00         NA
46  VP1111  ID 2-203-5-2    56         33.65    579.96   54.18           5.07        1291.62    10.57         25.00       25.00         NA
47  VP1111  ID 2-203-5-2    57         33.18    581.13   53.28           4.95         776.67    10.27         25.00       25.00         NA
48  VP1111  ID 2-203-5-2    58         33.21    580.18   56.31           4.29        1052.78    10.85         25.00       25.00         NA
49  VP1111  ID 2-203-5-2    65         33.26    581.10   54.60           4.74        1397.98    10.55         25.00       25.00         NA
50  VP1111  ID 2-203-5-2    66         33.43    580.21   54.47           4.68         704.85    10.56         25.00       25.00         NA
51  VP1111  ID 2-203-5-2    67         32.63    581.19   55.33           4.52         799.85    10.49         25.00       25.00         NA
52  VP1111  ID 2-203-5-2    68         32.54    578.95   58.50           4.20        2893.96    11.02         25.00       25.00         NA
53  VP1111  ID 2-203-5-2    75         33.26    583.61   51.69           5.48         733.02    10.03         25.00       25.00         NA
54  VP1111  ID 2-203-5-2    76         33.48    582.46   52.27           5.23         831.34    10.19         25.00       25.00         NA
55  VP1111  ID 2-203-5-2    77         33.02    582.58   54.19           4.77        1386.23    10.42         25.00       25.00         NA
56  VP1111  ID 2-203-5-2    78         33.17    581.21   56.89           4.19         949.91    10.97         25.00       25.00         NA
57  VP1111  ID 2-203-5-2    85         33.23    584.19   57.75           4.11         943.82    11.21         25.00       25.00         NA
58  VP1111  ID 2-203-5-2    86         33.29    584.64   57.43           4.15        1235.04    11.18         25.00       25.00         NA
59  VP1111  ID 2-203-5-2    87         32.32    582.56   58.39           4.06        1013.15    10.99         25.00       25.00         NA
0   VP1111  ID 2-203-5-3    11         33.23    563.65   58.50           4.55         897.47    10.96         25.00       25.00         NA
1   VP1111  ID 2-203-5-3    12         33.01    566.89   56.96           5.01        1249.06    10.66         25.00       25.00         NA
2   VP1111  ID 2-203-5-3    13         33.53    572.71   56.06           4.98         904.61    10.77         25.00       25.00         NA
3   VP1111  ID 2-203-5-3    14         33.68    578.04   57.84           4.43        1253.62    11.26         25.00       25.00         NA
4   VP1111  ID 2-203-5-3    21         33.01    564.88   57.43           4.93         992.46    10.71         25.00       25.00         NA
5   VP1111  ID 2-203-5-3    22         32.57    567.05   56.87           5.08        1086.19    10.50         25.00       25.00         NA
6   VP1111  ID 2-203-5-3    23         32.83    575.02   56.49           4.93         837.17    10.66         25.00       25.00         NA
7   VP1111  ID 2-203-5-3    24         33.06    579.21   58.06           4.45         915.23    11.12         25.00       25.00         NA
8   VP1111  ID 2-203-5-3    31         33.07    565.31   54.43           5.70         979.99    10.17         25.00       25.00         NA
9   VP1111  ID 2-203-5-3    32         32.47    567.18   54.69           5.75        1015.58    10.07         25.00       25.00         NA
10  VP1111  ID 2-203-5-3    33         33.06    577.69   55.54           5.26         910.57    10.61         25.00       25.00         NA
11  VP1111  ID 2-203-5-3    34         33.30    581.77   57.23           4.45         906.23    11.09         25.00       25.00         NA
12  VP1111  ID 2-203-5-3    41         33.64    551.15   53.58           5.21         308.86     9.93         25.00       25.00         NA
13  VP1111  ID 2-203-5-3    42         32.98    569.31   56.19           5.22         930.99    10.55         25.00       25.00         NA
14  VP1111  ID 2-203-5-3    43         33.16    578.49   56.87           4.86         685.58    10.91         25.00       25.00         NA
15  VP1111  ID 2-203-5-3    51         33.01    574.74   55.70           5.13         786.58    10.57         25.00       25.00         NA
16  VP1111  ID 2-203-5-3    52         32.76    572.86   53.76           5.92        1035.36    10.09         25.00       25.00         NA
17  VP1111  ID 2-203-5-3    53         33.43    578.15   53.43           5.86        1379.89    10.33         25.00       25.00         NA
18  VP1111  ID 2-203-5-3    54         33.41    582.56   54.63           5.19         933.90    10.63         25.00       25.00         NA
19  VP1111  ID 2-203-5-3    61         33.23    571.05   55.57           5.20         624.35    10.55         25.00       25.00         NA
20  VP1111  ID 2-203-5-3    62         32.75    571.08   55.40           5.27         856.15    10.36         25.00       25.00         NA
21  VP1111  ID 2-203-5-3    63         32.89    577.59   55.44           5.07        1128.87    10.53         25.00       25.00         NA
22  VP1111  ID 2-203-5-3    64         33.06    580.34   55.41           4.79         677.32    10.63         25.00       25.00         NA
23  VP1111  ID 2-203-5-3    71         32.45    566.65   49.78           7.28         727.31     9.15         25.00       25.00         NA
24  VP1111  ID 2-203-5-3    72         31.81    568.70   51.81           6.22         657.43     9.37         25.00       25.00         NA
25  VP1111  ID 2-203-5-3    73         32.71    573.34   53.89           5.46        2194.40    10.11         25.00       25.00         NA
26  VP1111  ID 2-203-5-3    74         32.64    574.57   53.65           5.40         658.11    10.06         25.00       25.00         NA
27  VP1111  ID 2-203-5-3    81         32.49    550.83   53.61           5.95         470.14     9.59         25.00       25.00         NA
28  VP1111  ID 2-203-5-3    82         31.74    548.34   53.77           5.07         343.06     9.36         25.00       25.00         NA
29  VP1111  ID 2-203-5-3    83         32.48    561.55   57.74           4.36        1935.13    10.53         25.00       25.00         NA
30  VP1111  ID 2-203-5-3    15         33.52    581.80   58.22           3.90         686.59    11.35         25.00       25.00         NA
31  VP1111  ID 2-203-5-3    16         34.09    581.30   57.96           3.84         860.00    11.49         25.00       25.00         NA
32  VP1111  ID 2-203-5-3    17         33.31    580.24   58.82           3.88        1179.92    11.37         25.00       25.00         NA
33  VP1111  ID 2-203-5-3    18         33.68    580.54   59.91           3.57        1252.37    11.72         25.00       25.00         NA
34  VP1111  ID 2-203-5-3    25         32.94    581.86   58.58           3.93         967.90    11.23         25.00       25.00         NA
35  VP1111  ID 2-203-5-3    26         33.26    581.96   58.02           3.97         833.87    11.23         25.00       25.00         NA
36  VP1111  ID 2-203-5-3    27         32.25    581.14   59.06           3.90         911.88    11.07         25.00       25.00         NA
37  VP1111  ID 2-203-5-3    28         32.44    581.41   60.35           3.62         938.62    11.38         25.00       25.00         NA
38  VP1111  ID 2-203-5-3    35         33.30    585.43   57.34           4.26        1628.74    11.18         25.00       25.00         NA
39  VP1111  ID 2-203-5-3    36         33.61    584.76   57.35           4.25        1696.51    11.27         25.00       25.00         NA
40  VP1111  ID 2-203-5-3    37         33.13    583.96   57.85           4.07        1095.14    11.19         25.00       25.00         NA
41  VP1111  ID 2-203-5-3    38         33.28    583.86   59.39           3.81        1873.43    11.54         25.00       25.00         NA
42  VP1111  ID 2-203-5-3    45         33.58    583.99   59.88           3.64        1888.69    11.74         25.00       25.00         NA
43  VP1111  ID 2-203-5-3    46         33.70    584.02   59.70           3.65        1521.00    11.75         25.00       25.00         NA
44  VP1111  ID 2-203-5-3    47         32.83    583.11   59.47           3.81        1514.90    11.39         25.00       25.00         NA
45  VP1111  ID 2-203-5-3    55         33.41    586.13   56.94           4.38        1317.09    11.15         25.00       25.00         NA
46  VP1111  ID 2-203-5-3    56         33.72    584.25   57.43           4.23        3173.55    11.32         25.00       25.00         NA
47  VP1111  ID 2-203-5-3    57         33.23    582.83   56.68           4.33         866.86    10.98         25.00       25.00         NA
48  VP1111  ID 2-203-5-3    58         33.43    581.85   58.03           3.90        1117.11    11.29         25.00       25.00         NA
49  VP1111  ID 2-203-5-3    65         33.06    579.41   57.78           4.35        1352.10    11.07         25.00       25.00         NA
50  VP1111  ID 2-203-5-3    66         33.26    580.81   58.09           3.97        1302.14    11.22         25.00       25.00         NA
51  VP1111  ID 2-203-5-3    67         32.66    576.75   58.33           4.24         646.68    10.99         25.00       25.00         NA
52  VP1111  ID 2-203-5-3    68         32.69    575.28   59.26           3.89         832.15    11.14         25.00       25.00         NA
53  VP1111  ID 2-203-5-3    75         32.65    576.73   54.62           5.16         592.04    10.28         25.00       25.00         NA
54  VP1111  ID 2-203-5-3    76         33.02    577.47   54.82           5.00         495.78    10.45         25.00       25.00         NA
55  VP1111  ID 2-203-5-3    77         32.71    572.93   56.34           4.50         559.65    10.56         25.00       25.00         NA
56  VP1111  ID 2-203-5-3    78         33.07    570.95   57.66           4.04         625.86    10.89         25.00       25.00         NA
57  VP1111  ID 2-203-5-3    85         32.29    536.68   55.12           4.53         755.17     9.55         25.00       25.00         NA
58  VP1111  ID 2-203-5-3    86         32.38    539.46   55.63           4.09         401.19     9.72         25.00       25.00         NA
59  VP1111  ID 2-203-5-3    87         31.80    548.84   55.31           4.18         465.88     9.65         25.00       25.00         NA